0.34	0.1	0.2	0.16	0.2	
0.18	0.05	0.28	0.25	0.24	
0.34	0.15	0.2	0.06	0.25	
0.12	0.05	0.31	0.3	0.22	
0.35	0.04	0.21	0.17	0.23	
0.12	0.02	0.29	0.21	0.36	
0.32	0.1	0.24	0.12	0.22	
0.54	0.13	0.04	0.12	0.17	
0.36	0.15	0.09	0.15	0.25	
0.33	0.21	0.19	0.09	0.18	
0.2	0.14	0.25	0.03	0.38	
0.17	0.09	0.29	0.06	0.39	
0.49	0.11	0.08	0	0.32	
0.29	0.07	0.16	0.23	0.25	
0.33	0.15	0.17	0.05	0.3	
0.09	0.06	0.3	0.29	0.26	
0.39	0.11	0.09	0.14	0.27	
0.26	0.19	0.08	0.13	0.34	
0.48	0.04	0.05	0.14	0.29	
0.3	0.04	0.19	0.25	0.22	
0.34	0.08	0.31	0.15	0.12	
0.37	0.18	0.08	0.15	0.22	
0.16	0	0.24	0.2	0.4	
0.39	0.11	0.15	0.03	0.32	
0.27	0.04	0.23	0.13	0.33	
0.22	0.05	0.42	0.08	0.23	
0.29	0.11	0.38	0.06	0.16	
0.13	0.06	0.31	0.09	0.41	
0.56	0.11	0.17	0	0.16	
0.27	0.26	0	0.16	0.31	
0.27	0.07	0.16	0.14	0.36	
0.18	0.09	0.22	0.21	0.3	
0.42	0.12	0.2	0.08	0.18	
0.29	0.1	0.22	0.15	0.24	
0.08	0.04	0.32	0.25	0.31	
0.4	0.18	0.18	0.07	0.17	
0.33	0.1	0.13	0.23	0.21	
0.26	0.11	0.17	0.13	0.33	
0.37	0.11	0.26	0.07	0.19	
0.4	0.08	0.14	0.09	0.29	
0.32	0.12	0.14	0.07	0.35	
0.24	0.11	0.22	0.08	0.35	
0.25	0.14	0.17	0.1	0.34	
0.24	0.06	0.25	0.09	0.36	
0.32	0.09	0.22	0.24	0.13	
0.28	0.01	0.17	0.34	0.2	
0.47	0.11	0.1	0.07	0.25	
0.12	0.1	0.23	0.22	0.33	
0.41	0.13	0.07	0.1	0.29	
0.35	0.13	0.22	0.18	0.12	
0.43	0.12	0.1	0.01	0.34	
0.5	0.04	0.16	0.14	0.16	
0	0	0.44	0.32	0.24	
0.6	0.13	0	0	0.27	
0.18	0.01	0.33	0.19	0.29	
0.25	0.03	0.35	0.14	0.23	
0.43	0.12	0.15	0.06	0.24	
0.38	0.19	0.2	0.05	0.18	
0.12	0.16	0.23	0.12	0.37	
0.11	0.2	0.25	0.06	0.38	
